{
 "cells": [
  {
   "cell_type": "markdown",
   "metadata": {},
   "source": [
    "#  Beta Calculator \n",
    "## Author : Avnit Bambah\n",
    "### Date : 03/12/2018\n",
    "###### Learning ML with python 3 on Pluralsight.\n",
    "###### Predicting stock beta "
   ]
  },
  {
   "cell_type": "code",
   "execution_count": 1,
   "metadata": {
    "collapsed": true
   },
   "outputs": [],
   "source": [
    "import pandas as pd\n",
    "import matplotlib as plt\n",
    "import numpy as np \n",
    "from pandas_datareader import data\n",
    "import googlefinance\n",
    "import matplotlib.pyplot as plt\n",
    "\n",
    "# do ploting inline instead of seperate windows \n",
    "%matplotlib inline"
   ]
  },
  {
   "cell_type": "code",
   "execution_count": 2,
   "metadata": {},
   "outputs": [],
   "source": [
    "# add new stocks to the csv file \n",
    "df = pd.read_csv(\"./holdings-xlk.csv\")"
   ]
  },
  {
   "cell_type": "code",
   "execution_count": 3,
   "metadata": {},
   "outputs": [],
   "source": [
    "# Define the instruments to download. We would like to see Apple, Microsoft and the S&P500 index in addition to the one in the csv file \n",
    "tickers = ['AAPL', 'MSFT', 'SPY','CME','GOOG','VVI','agg']\n",
    "# get the symbols and add them to the list \n",
    "symbols = df.iloc[:,[0]]\n",
    "array = symbols.values.tolist()\n",
    "for i in range(1 , len(array)):\n",
    "    tickers.append(str(array[i]).replace('[\\'', '').replace('\\']',''))\n"
   ]
  },
  {
   "cell_type": "code",
   "execution_count": 4,
   "metadata": {},
   "outputs": [
    {
     "name": "stderr",
     "output_type": "stream",
     "text": [
      "/Users/avnitbambah/anaconda3/lib/python3.6/site-packages/pandas_datareader/yahoo/daily.py:136: SymbolWarning: Failed to read symbol: 'NUTR', replacing with NaN.\n",
      "  warnings.warn(msg.format(sym), SymbolWarning)\n"
     ]
    }
   ],
   "source": [
    "\n",
    "# Define which online source one should use\n",
    "data_source = 'yahoo'\n",
    "\n",
    "# We would like all available data from 01/01/2000 until 12/31/2018.\n",
    "start_date = '2000-01-01'\n",
    "end_date = '2018-03-24'\n",
    "\n",
    "# User pandas_reader.data.DataReader to load the desired data. As simple as that.\n",
    "try:\n",
    "    panel_data = data.DataReader(tickers, data_source, start_date, end_date)\n",
    "except:\n",
    "    print('error in the symbol')\n",
    "#del panel_data[\"2017-01-02\"]\n",
    "\n",
    "# Getting just the adjusted closing prices. This will return a Pandas DataFrame\n",
    "# The index in this DataFrame is the major index of the panel_data.\n",
    "close = panel_data.loc['Adj Close']\n",
    "\n",
    "close.dropna(axis=0, how='any')\n",
    "\n",
    "# Getting all weekdays between start date and end date \n",
    "all_weekdays = pd.date_range(start=start_date, end=end_date, freq='B')\n",
    "\n",
    "# How do we align the existing prices in adj_close with our new set of dates?\n",
    "# All we need to do is reindex close using all_weekdays as the new index\n",
    "close = close.reindex(all_weekdays)\n",
    "\n",
    "close_onedayold = close.shift(-1)\n",
    "close_onedayold.head(10)\n",
    "\n",
    "close_final = close - close_onedayold\n"
   ]
  },
  {
   "cell_type": "code",
   "execution_count": 5,
   "metadata": {},
   "outputs": [
    {
     "data": {
      "text/html": [
       "<div>\n",
       "<style>\n",
       "    .dataframe thead tr:only-child th {\n",
       "        text-align: right;\n",
       "    }\n",
       "\n",
       "    .dataframe thead th {\n",
       "        text-align: left;\n",
       "    }\n",
       "\n",
       "    .dataframe tbody tr th {\n",
       "        vertical-align: top;\n",
       "    }\n",
       "</style>\n",
       "<table border=\"1\" class=\"dataframe\">\n",
       "  <thead>\n",
       "    <tr style=\"text-align: right;\">\n",
       "      <th></th>\n",
       "      <th>AAPL</th>\n",
       "      <th>BETR</th>\n",
       "      <th>BUFF</th>\n",
       "      <th>CALM</th>\n",
       "      <th>CENT</th>\n",
       "      <th>CME</th>\n",
       "      <th>DTEA</th>\n",
       "      <th>FRPT</th>\n",
       "      <th>GOOG</th>\n",
       "      <th>KHC</th>\n",
       "      <th>...</th>\n",
       "      <th>PPC</th>\n",
       "      <th>RELV</th>\n",
       "      <th>RIBT</th>\n",
       "      <th>SAFM</th>\n",
       "      <th>SPY</th>\n",
       "      <th>TOF</th>\n",
       "      <th>VVI</th>\n",
       "      <th>WILC</th>\n",
       "      <th>WWAV</th>\n",
       "      <th>agg</th>\n",
       "    </tr>\n",
       "  </thead>\n",
       "  <tbody>\n",
       "    <tr>\n",
       "      <th>AAPL</th>\n",
       "      <td>1.000000</td>\n",
       "      <td>-0.669186</td>\n",
       "      <td>0.650407</td>\n",
       "      <td>0.936062</td>\n",
       "      <td>0.684971</td>\n",
       "      <td>0.915372</td>\n",
       "      <td>-0.703757</td>\n",
       "      <td>0.593848</td>\n",
       "      <td>0.956831</td>\n",
       "      <td>0.185599</td>\n",
       "      <td>...</td>\n",
       "      <td>0.443312</td>\n",
       "      <td>-0.486193</td>\n",
       "      <td>-0.519303</td>\n",
       "      <td>0.937320</td>\n",
       "      <td>0.965438</td>\n",
       "      <td>NaN</td>\n",
       "      <td>0.708511</td>\n",
       "      <td>-0.493247</td>\n",
       "      <td>NaN</td>\n",
       "      <td>0.887378</td>\n",
       "    </tr>\n",
       "    <tr>\n",
       "      <th>BETR</th>\n",
       "      <td>-0.669186</td>\n",
       "      <td>1.000000</td>\n",
       "      <td>-0.078369</td>\n",
       "      <td>0.308227</td>\n",
       "      <td>-0.581386</td>\n",
       "      <td>-0.588406</td>\n",
       "      <td>0.747871</td>\n",
       "      <td>-0.505143</td>\n",
       "      <td>-0.555503</td>\n",
       "      <td>-0.119124</td>\n",
       "      <td>...</td>\n",
       "      <td>-0.417232</td>\n",
       "      <td>-0.247830</td>\n",
       "      <td>0.410661</td>\n",
       "      <td>-0.637428</td>\n",
       "      <td>-0.556837</td>\n",
       "      <td>NaN</td>\n",
       "      <td>-0.664139</td>\n",
       "      <td>NaN</td>\n",
       "      <td>NaN</td>\n",
       "      <td>-0.140608</td>\n",
       "    </tr>\n",
       "    <tr>\n",
       "      <th>BUFF</th>\n",
       "      <td>0.650407</td>\n",
       "      <td>-0.078369</td>\n",
       "      <td>1.000000</td>\n",
       "      <td>-0.248258</td>\n",
       "      <td>0.635458</td>\n",
       "      <td>0.797233</td>\n",
       "      <td>-0.531502</td>\n",
       "      <td>0.716681</td>\n",
       "      <td>0.698244</td>\n",
       "      <td>0.069239</td>\n",
       "      <td>...</td>\n",
       "      <td>0.598517</td>\n",
       "      <td>-0.015995</td>\n",
       "      <td>-0.159265</td>\n",
       "      <td>0.587096</td>\n",
       "      <td>0.758926</td>\n",
       "      <td>NaN</td>\n",
       "      <td>0.631657</td>\n",
       "      <td>-0.939039</td>\n",
       "      <td>NaN</td>\n",
       "      <td>0.502931</td>\n",
       "    </tr>\n",
       "    <tr>\n",
       "      <th>CALM</th>\n",
       "      <td>0.936062</td>\n",
       "      <td>0.308227</td>\n",
       "      <td>-0.248258</td>\n",
       "      <td>1.000000</td>\n",
       "      <td>0.544791</td>\n",
       "      <td>0.832050</td>\n",
       "      <td>0.289356</td>\n",
       "      <td>-0.265112</td>\n",
       "      <td>0.887796</td>\n",
       "      <td>-0.731628</td>\n",
       "      <td>...</td>\n",
       "      <td>0.407775</td>\n",
       "      <td>-0.467830</td>\n",
       "      <td>-0.547360</td>\n",
       "      <td>0.878630</td>\n",
       "      <td>0.906301</td>\n",
       "      <td>NaN</td>\n",
       "      <td>0.548055</td>\n",
       "      <td>-0.270749</td>\n",
       "      <td>NaN</td>\n",
       "      <td>0.878670</td>\n",
       "    </tr>\n",
       "    <tr>\n",
       "      <th>CENT</th>\n",
       "      <td>0.684971</td>\n",
       "      <td>-0.581386</td>\n",
       "      <td>0.635458</td>\n",
       "      <td>0.544791</td>\n",
       "      <td>1.000000</td>\n",
       "      <td>0.736442</td>\n",
       "      <td>-0.835450</td>\n",
       "      <td>0.045755</td>\n",
       "      <td>0.690549</td>\n",
       "      <td>0.527623</td>\n",
       "      <td>...</td>\n",
       "      <td>0.604939</td>\n",
       "      <td>0.022598</td>\n",
       "      <td>-0.084792</td>\n",
       "      <td>0.753446</td>\n",
       "      <td>0.703491</td>\n",
       "      <td>NaN</td>\n",
       "      <td>0.865030</td>\n",
       "      <td>-0.485567</td>\n",
       "      <td>NaN</td>\n",
       "      <td>0.348493</td>\n",
       "    </tr>\n",
       "    <tr>\n",
       "      <th>CME</th>\n",
       "      <td>0.915372</td>\n",
       "      <td>-0.588406</td>\n",
       "      <td>0.797233</td>\n",
       "      <td>0.832050</td>\n",
       "      <td>0.736442</td>\n",
       "      <td>1.000000</td>\n",
       "      <td>-0.813358</td>\n",
       "      <td>0.301428</td>\n",
       "      <td>0.958832</td>\n",
       "      <td>0.221677</td>\n",
       "      <td>...</td>\n",
       "      <td>0.515731</td>\n",
       "      <td>-0.451223</td>\n",
       "      <td>-0.287172</td>\n",
       "      <td>0.900730</td>\n",
       "      <td>0.957320</td>\n",
       "      <td>NaN</td>\n",
       "      <td>0.886091</td>\n",
       "      <td>-0.413933</td>\n",
       "      <td>NaN</td>\n",
       "      <td>0.748169</td>\n",
       "    </tr>\n",
       "    <tr>\n",
       "      <th>DTEA</th>\n",
       "      <td>-0.703757</td>\n",
       "      <td>0.747871</td>\n",
       "      <td>-0.531502</td>\n",
       "      <td>0.289356</td>\n",
       "      <td>-0.835450</td>\n",
       "      <td>-0.813358</td>\n",
       "      <td>1.000000</td>\n",
       "      <td>-0.057489</td>\n",
       "      <td>-0.858145</td>\n",
       "      <td>-0.300839</td>\n",
       "      <td>...</td>\n",
       "      <td>-0.474996</td>\n",
       "      <td>0.288723</td>\n",
       "      <td>0.624573</td>\n",
       "      <td>-0.798169</td>\n",
       "      <td>-0.806289</td>\n",
       "      <td>NaN</td>\n",
       "      <td>-0.846973</td>\n",
       "      <td>0.249263</td>\n",
       "      <td>NaN</td>\n",
       "      <td>-0.655630</td>\n",
       "    </tr>\n",
       "    <tr>\n",
       "      <th>FRPT</th>\n",
       "      <td>0.593848</td>\n",
       "      <td>-0.505143</td>\n",
       "      <td>0.716681</td>\n",
       "      <td>-0.265112</td>\n",
       "      <td>0.045755</td>\n",
       "      <td>0.301428</td>\n",
       "      <td>-0.057489</td>\n",
       "      <td>1.000000</td>\n",
       "      <td>0.061231</td>\n",
       "      <td>0.072662</td>\n",
       "      <td>...</td>\n",
       "      <td>0.473951</td>\n",
       "      <td>0.602256</td>\n",
       "      <td>0.470791</td>\n",
       "      <td>0.345904</td>\n",
       "      <td>0.393145</td>\n",
       "      <td>NaN</td>\n",
       "      <td>0.221741</td>\n",
       "      <td>-0.376312</td>\n",
       "      <td>NaN</td>\n",
       "      <td>-0.035979</td>\n",
       "    </tr>\n",
       "    <tr>\n",
       "      <th>GOOG</th>\n",
       "      <td>0.956831</td>\n",
       "      <td>-0.555503</td>\n",
       "      <td>0.698244</td>\n",
       "      <td>0.887796</td>\n",
       "      <td>0.690549</td>\n",
       "      <td>0.958832</td>\n",
       "      <td>-0.858145</td>\n",
       "      <td>0.061231</td>\n",
       "      <td>1.000000</td>\n",
       "      <td>0.244621</td>\n",
       "      <td>...</td>\n",
       "      <td>0.400323</td>\n",
       "      <td>-0.627298</td>\n",
       "      <td>-0.405371</td>\n",
       "      <td>0.940656</td>\n",
       "      <td>0.971929</td>\n",
       "      <td>NaN</td>\n",
       "      <td>0.790159</td>\n",
       "      <td>-0.402471</td>\n",
       "      <td>NaN</td>\n",
       "      <td>0.836116</td>\n",
       "    </tr>\n",
       "    <tr>\n",
       "      <th>KHC</th>\n",
       "      <td>0.185599</td>\n",
       "      <td>-0.119124</td>\n",
       "      <td>0.069239</td>\n",
       "      <td>-0.731628</td>\n",
       "      <td>0.527623</td>\n",
       "      <td>0.221677</td>\n",
       "      <td>-0.300839</td>\n",
       "      <td>0.072662</td>\n",
       "      <td>0.244621</td>\n",
       "      <td>1.000000</td>\n",
       "      <td>...</td>\n",
       "      <td>0.200496</td>\n",
       "      <td>0.084573</td>\n",
       "      <td>-0.690083</td>\n",
       "      <td>0.298551</td>\n",
       "      <td>0.312467</td>\n",
       "      <td>NaN</td>\n",
       "      <td>0.360078</td>\n",
       "      <td>-0.385210</td>\n",
       "      <td>NaN</td>\n",
       "      <td>0.605116</td>\n",
       "    </tr>\n",
       "  </tbody>\n",
       "</table>\n",
       "<p>10 rows × 26 columns</p>\n",
       "</div>"
      ],
      "text/plain": [
       "          AAPL      BETR      BUFF      CALM      CENT       CME      DTEA  \\\n",
       "AAPL  1.000000 -0.669186  0.650407  0.936062  0.684971  0.915372 -0.703757   \n",
       "BETR -0.669186  1.000000 -0.078369  0.308227 -0.581386 -0.588406  0.747871   \n",
       "BUFF  0.650407 -0.078369  1.000000 -0.248258  0.635458  0.797233 -0.531502   \n",
       "CALM  0.936062  0.308227 -0.248258  1.000000  0.544791  0.832050  0.289356   \n",
       "CENT  0.684971 -0.581386  0.635458  0.544791  1.000000  0.736442 -0.835450   \n",
       "CME   0.915372 -0.588406  0.797233  0.832050  0.736442  1.000000 -0.813358   \n",
       "DTEA -0.703757  0.747871 -0.531502  0.289356 -0.835450 -0.813358  1.000000   \n",
       "FRPT  0.593848 -0.505143  0.716681 -0.265112  0.045755  0.301428 -0.057489   \n",
       "GOOG  0.956831 -0.555503  0.698244  0.887796  0.690549  0.958832 -0.858145   \n",
       "KHC   0.185599 -0.119124  0.069239 -0.731628  0.527623  0.221677 -0.300839   \n",
       "\n",
       "          FRPT      GOOG       KHC    ...          PPC      RELV      RIBT  \\\n",
       "AAPL  0.593848  0.956831  0.185599    ...     0.443312 -0.486193 -0.519303   \n",
       "BETR -0.505143 -0.555503 -0.119124    ...    -0.417232 -0.247830  0.410661   \n",
       "BUFF  0.716681  0.698244  0.069239    ...     0.598517 -0.015995 -0.159265   \n",
       "CALM -0.265112  0.887796 -0.731628    ...     0.407775 -0.467830 -0.547360   \n",
       "CENT  0.045755  0.690549  0.527623    ...     0.604939  0.022598 -0.084792   \n",
       "CME   0.301428  0.958832  0.221677    ...     0.515731 -0.451223 -0.287172   \n",
       "DTEA -0.057489 -0.858145 -0.300839    ...    -0.474996  0.288723  0.624573   \n",
       "FRPT  1.000000  0.061231  0.072662    ...     0.473951  0.602256  0.470791   \n",
       "GOOG  0.061231  1.000000  0.244621    ...     0.400323 -0.627298 -0.405371   \n",
       "KHC   0.072662  0.244621  1.000000    ...     0.200496  0.084573 -0.690083   \n",
       "\n",
       "          SAFM       SPY  TOF       VVI      WILC  WWAV       agg  \n",
       "AAPL  0.937320  0.965438  NaN  0.708511 -0.493247   NaN  0.887378  \n",
       "BETR -0.637428 -0.556837  NaN -0.664139       NaN   NaN -0.140608  \n",
       "BUFF  0.587096  0.758926  NaN  0.631657 -0.939039   NaN  0.502931  \n",
       "CALM  0.878630  0.906301  NaN  0.548055 -0.270749   NaN  0.878670  \n",
       "CENT  0.753446  0.703491  NaN  0.865030 -0.485567   NaN  0.348493  \n",
       "CME   0.900730  0.957320  NaN  0.886091 -0.413933   NaN  0.748169  \n",
       "DTEA -0.798169 -0.806289  NaN -0.846973  0.249263   NaN -0.655630  \n",
       "FRPT  0.345904  0.393145  NaN  0.221741 -0.376312   NaN -0.035979  \n",
       "GOOG  0.940656  0.971929  NaN  0.790159 -0.402471   NaN  0.836116  \n",
       "KHC   0.298551  0.312467  NaN  0.360078 -0.385210   NaN  0.605116  \n",
       "\n",
       "[10 rows x 26 columns]"
      ]
     },
     "execution_count": 5,
     "metadata": {},
     "output_type": "execute_result"
    }
   ],
   "source": [
    "vr = close.corr()\n",
    "vr.head(10)\n"
   ]
  },
  {
   "cell_type": "code",
   "execution_count": 6,
   "metadata": {},
   "outputs": [
    {
     "data": {
      "text/html": [
       "<div>\n",
       "<style>\n",
       "    .dataframe thead tr:only-child th {\n",
       "        text-align: right;\n",
       "    }\n",
       "\n",
       "    .dataframe thead th {\n",
       "        text-align: left;\n",
       "    }\n",
       "\n",
       "    .dataframe tbody tr th {\n",
       "        vertical-align: top;\n",
       "    }\n",
       "</style>\n",
       "<table border=\"1\" class=\"dataframe\">\n",
       "  <thead>\n",
       "    <tr style=\"text-align: right;\">\n",
       "      <th></th>\n",
       "      <th>AAPL</th>\n",
       "      <th>BETR</th>\n",
       "      <th>BUFF</th>\n",
       "      <th>CALM</th>\n",
       "      <th>CENT</th>\n",
       "      <th>CME</th>\n",
       "      <th>DTEA</th>\n",
       "      <th>FRPT</th>\n",
       "      <th>GOOG</th>\n",
       "      <th>KHC</th>\n",
       "      <th>...</th>\n",
       "      <th>PPC</th>\n",
       "      <th>RELV</th>\n",
       "      <th>RIBT</th>\n",
       "      <th>SAFM</th>\n",
       "      <th>SPY</th>\n",
       "      <th>TOF</th>\n",
       "      <th>VVI</th>\n",
       "      <th>WILC</th>\n",
       "      <th>WWAV</th>\n",
       "      <th>agg</th>\n",
       "    </tr>\n",
       "  </thead>\n",
       "  <tbody>\n",
       "    <tr>\n",
       "      <th>AAPL</th>\n",
       "      <td>0.790129</td>\n",
       "      <td>0.082299</td>\n",
       "      <td>0.149833</td>\n",
       "      <td>0.063228</td>\n",
       "      <td>0.037944</td>\n",
       "      <td>0.240610</td>\n",
       "      <td>0.025684</td>\n",
       "      <td>0.134653</td>\n",
       "      <td>3.181668</td>\n",
       "      <td>0.583230</td>\n",
       "      <td>...</td>\n",
       "      <td>0.035921</td>\n",
       "      <td>0.018094</td>\n",
       "      <td>0.093943</td>\n",
       "      <td>0.120666</td>\n",
       "      <td>0.531436</td>\n",
       "      <td>NaN</td>\n",
       "      <td>0.090070</td>\n",
       "      <td>-0.475934</td>\n",
       "      <td>NaN</td>\n",
       "      <td>-0.019480</td>\n",
       "    </tr>\n",
       "    <tr>\n",
       "      <th>BETR</th>\n",
       "      <td>0.082299</td>\n",
       "      <td>0.151804</td>\n",
       "      <td>0.042721</td>\n",
       "      <td>0.038721</td>\n",
       "      <td>0.021515</td>\n",
       "      <td>0.041686</td>\n",
       "      <td>0.008618</td>\n",
       "      <td>0.017510</td>\n",
       "      <td>0.433829</td>\n",
       "      <td>0.038860</td>\n",
       "      <td>...</td>\n",
       "      <td>0.024728</td>\n",
       "      <td>0.009556</td>\n",
       "      <td>-0.000227</td>\n",
       "      <td>0.074199</td>\n",
       "      <td>0.162904</td>\n",
       "      <td>NaN</td>\n",
       "      <td>0.018389</td>\n",
       "      <td>NaN</td>\n",
       "      <td>NaN</td>\n",
       "      <td>0.000018</td>\n",
       "    </tr>\n",
       "    <tr>\n",
       "      <th>BUFF</th>\n",
       "      <td>0.149833</td>\n",
       "      <td>0.042721</td>\n",
       "      <td>0.296293</td>\n",
       "      <td>0.078403</td>\n",
       "      <td>0.050069</td>\n",
       "      <td>0.136931</td>\n",
       "      <td>0.019553</td>\n",
       "      <td>0.044157</td>\n",
       "      <td>0.999974</td>\n",
       "      <td>0.107708</td>\n",
       "      <td>...</td>\n",
       "      <td>0.038858</td>\n",
       "      <td>-0.005401</td>\n",
       "      <td>-0.000076</td>\n",
       "      <td>0.157119</td>\n",
       "      <td>0.300523</td>\n",
       "      <td>NaN</td>\n",
       "      <td>0.043564</td>\n",
       "      <td>-0.028433</td>\n",
       "      <td>NaN</td>\n",
       "      <td>-0.001000</td>\n",
       "    </tr>\n",
       "    <tr>\n",
       "      <th>CALM</th>\n",
       "      <td>0.063228</td>\n",
       "      <td>0.038721</td>\n",
       "      <td>0.078403</td>\n",
       "      <td>0.245597</td>\n",
       "      <td>0.023966</td>\n",
       "      <td>0.106906</td>\n",
       "      <td>0.043064</td>\n",
       "      <td>0.034162</td>\n",
       "      <td>0.572838</td>\n",
       "      <td>0.197657</td>\n",
       "      <td>...</td>\n",
       "      <td>0.037489</td>\n",
       "      <td>0.009377</td>\n",
       "      <td>0.130481</td>\n",
       "      <td>0.127632</td>\n",
       "      <td>0.176874</td>\n",
       "      <td>NaN</td>\n",
       "      <td>0.056064</td>\n",
       "      <td>0.001833</td>\n",
       "      <td>NaN</td>\n",
       "      <td>-0.007287</td>\n",
       "    </tr>\n",
       "    <tr>\n",
       "      <th>CENT</th>\n",
       "      <td>0.037944</td>\n",
       "      <td>0.021515</td>\n",
       "      <td>0.050069</td>\n",
       "      <td>0.023966</td>\n",
       "      <td>0.109393</td>\n",
       "      <td>0.059475</td>\n",
       "      <td>0.009189</td>\n",
       "      <td>0.021278</td>\n",
       "      <td>0.430200</td>\n",
       "      <td>0.130463</td>\n",
       "      <td>...</td>\n",
       "      <td>0.017991</td>\n",
       "      <td>0.014651</td>\n",
       "      <td>0.088006</td>\n",
       "      <td>0.050558</td>\n",
       "      <td>0.122808</td>\n",
       "      <td>NaN</td>\n",
       "      <td>0.046862</td>\n",
       "      <td>-0.043566</td>\n",
       "      <td>NaN</td>\n",
       "      <td>-0.004589</td>\n",
       "    </tr>\n",
       "    <tr>\n",
       "      <th>CME</th>\n",
       "      <td>0.240610</td>\n",
       "      <td>0.041686</td>\n",
       "      <td>0.136931</td>\n",
       "      <td>0.106906</td>\n",
       "      <td>0.059475</td>\n",
       "      <td>0.903754</td>\n",
       "      <td>0.039096</td>\n",
       "      <td>0.052095</td>\n",
       "      <td>2.452420</td>\n",
       "      <td>0.303425</td>\n",
       "      <td>...</td>\n",
       "      <td>0.064926</td>\n",
       "      <td>0.071860</td>\n",
       "      <td>0.500329</td>\n",
       "      <td>0.258598</td>\n",
       "      <td>0.718576</td>\n",
       "      <td>NaN</td>\n",
       "      <td>0.156010</td>\n",
       "      <td>-0.074899</td>\n",
       "      <td>NaN</td>\n",
       "      <td>-0.050366</td>\n",
       "    </tr>\n",
       "    <tr>\n",
       "      <th>DTEA</th>\n",
       "      <td>0.025684</td>\n",
       "      <td>0.008618</td>\n",
       "      <td>0.019553</td>\n",
       "      <td>0.043064</td>\n",
       "      <td>0.009189</td>\n",
       "      <td>0.039096</td>\n",
       "      <td>0.516684</td>\n",
       "      <td>0.015549</td>\n",
       "      <td>0.130587</td>\n",
       "      <td>0.040208</td>\n",
       "      <td>...</td>\n",
       "      <td>0.030699</td>\n",
       "      <td>0.005369</td>\n",
       "      <td>-0.000660</td>\n",
       "      <td>0.055836</td>\n",
       "      <td>0.081862</td>\n",
       "      <td>NaN</td>\n",
       "      <td>0.015638</td>\n",
       "      <td>0.006917</td>\n",
       "      <td>NaN</td>\n",
       "      <td>-0.002265</td>\n",
       "    </tr>\n",
       "    <tr>\n",
       "      <th>FRPT</th>\n",
       "      <td>0.134653</td>\n",
       "      <td>0.017510</td>\n",
       "      <td>0.044157</td>\n",
       "      <td>0.034162</td>\n",
       "      <td>0.021278</td>\n",
       "      <td>0.052095</td>\n",
       "      <td>0.015549</td>\n",
       "      <td>0.181723</td>\n",
       "      <td>0.525317</td>\n",
       "      <td>0.079710</td>\n",
       "      <td>...</td>\n",
       "      <td>0.021344</td>\n",
       "      <td>-0.000301</td>\n",
       "      <td>0.000956</td>\n",
       "      <td>0.061030</td>\n",
       "      <td>0.161315</td>\n",
       "      <td>NaN</td>\n",
       "      <td>0.026143</td>\n",
       "      <td>-0.031250</td>\n",
       "      <td>NaN</td>\n",
       "      <td>-0.006066</td>\n",
       "    </tr>\n",
       "    <tr>\n",
       "      <th>GOOG</th>\n",
       "      <td>3.181668</td>\n",
       "      <td>0.433829</td>\n",
       "      <td>0.999974</td>\n",
       "      <td>0.572838</td>\n",
       "      <td>0.430200</td>\n",
       "      <td>2.452420</td>\n",
       "      <td>0.130587</td>\n",
       "      <td>0.525317</td>\n",
       "      <td>49.505934</td>\n",
       "      <td>4.192031</td>\n",
       "      <td>...</td>\n",
       "      <td>0.358821</td>\n",
       "      <td>0.200331</td>\n",
       "      <td>0.763855</td>\n",
       "      <td>1.206816</td>\n",
       "      <td>5.706095</td>\n",
       "      <td>NaN</td>\n",
       "      <td>0.896629</td>\n",
       "      <td>-0.846947</td>\n",
       "      <td>NaN</td>\n",
       "      <td>-0.088129</td>\n",
       "    </tr>\n",
       "    <tr>\n",
       "      <th>KHC</th>\n",
       "      <td>0.583230</td>\n",
       "      <td>0.038860</td>\n",
       "      <td>0.107708</td>\n",
       "      <td>0.197657</td>\n",
       "      <td>0.130463</td>\n",
       "      <td>0.303425</td>\n",
       "      <td>0.040208</td>\n",
       "      <td>0.079710</td>\n",
       "      <td>4.192031</td>\n",
       "      <td>0.968436</td>\n",
       "      <td>...</td>\n",
       "      <td>0.132981</td>\n",
       "      <td>0.004113</td>\n",
       "      <td>-0.003645</td>\n",
       "      <td>0.443165</td>\n",
       "      <td>0.884554</td>\n",
       "      <td>NaN</td>\n",
       "      <td>0.111313</td>\n",
       "      <td>-0.055900</td>\n",
       "      <td>NaN</td>\n",
       "      <td>0.009923</td>\n",
       "    </tr>\n",
       "  </tbody>\n",
       "</table>\n",
       "<p>10 rows × 26 columns</p>\n",
       "</div>"
      ],
      "text/plain": [
       "          AAPL      BETR      BUFF      CALM      CENT       CME      DTEA  \\\n",
       "AAPL  0.790129  0.082299  0.149833  0.063228  0.037944  0.240610  0.025684   \n",
       "BETR  0.082299  0.151804  0.042721  0.038721  0.021515  0.041686  0.008618   \n",
       "BUFF  0.149833  0.042721  0.296293  0.078403  0.050069  0.136931  0.019553   \n",
       "CALM  0.063228  0.038721  0.078403  0.245597  0.023966  0.106906  0.043064   \n",
       "CENT  0.037944  0.021515  0.050069  0.023966  0.109393  0.059475  0.009189   \n",
       "CME   0.240610  0.041686  0.136931  0.106906  0.059475  0.903754  0.039096   \n",
       "DTEA  0.025684  0.008618  0.019553  0.043064  0.009189  0.039096  0.516684   \n",
       "FRPT  0.134653  0.017510  0.044157  0.034162  0.021278  0.052095  0.015549   \n",
       "GOOG  3.181668  0.433829  0.999974  0.572838  0.430200  2.452420  0.130587   \n",
       "KHC   0.583230  0.038860  0.107708  0.197657  0.130463  0.303425  0.040208   \n",
       "\n",
       "          FRPT       GOOG       KHC    ...          PPC      RELV      RIBT  \\\n",
       "AAPL  0.134653   3.181668  0.583230    ...     0.035921  0.018094  0.093943   \n",
       "BETR  0.017510   0.433829  0.038860    ...     0.024728  0.009556 -0.000227   \n",
       "BUFF  0.044157   0.999974  0.107708    ...     0.038858 -0.005401 -0.000076   \n",
       "CALM  0.034162   0.572838  0.197657    ...     0.037489  0.009377  0.130481   \n",
       "CENT  0.021278   0.430200  0.130463    ...     0.017991  0.014651  0.088006   \n",
       "CME   0.052095   2.452420  0.303425    ...     0.064926  0.071860  0.500329   \n",
       "DTEA  0.015549   0.130587  0.040208    ...     0.030699  0.005369 -0.000660   \n",
       "FRPT  0.181723   0.525317  0.079710    ...     0.021344 -0.000301  0.000956   \n",
       "GOOG  0.525317  49.505934  4.192031    ...     0.358821  0.200331  0.763855   \n",
       "KHC   0.079710   4.192031  0.968436    ...     0.132981  0.004113 -0.003645   \n",
       "\n",
       "          SAFM       SPY  TOF       VVI      WILC  WWAV       agg  \n",
       "AAPL  0.120666  0.531436  NaN  0.090070 -0.475934   NaN -0.019480  \n",
       "BETR  0.074199  0.162904  NaN  0.018389       NaN   NaN  0.000018  \n",
       "BUFF  0.157119  0.300523  NaN  0.043564 -0.028433   NaN -0.001000  \n",
       "CALM  0.127632  0.176874  NaN  0.056064  0.001833   NaN -0.007287  \n",
       "CENT  0.050558  0.122808  NaN  0.046862 -0.043566   NaN -0.004589  \n",
       "CME   0.258598  0.718576  NaN  0.156010 -0.074899   NaN -0.050366  \n",
       "DTEA  0.055836  0.081862  NaN  0.015638  0.006917   NaN -0.002265  \n",
       "FRPT  0.061030  0.161315  NaN  0.026143 -0.031250   NaN -0.006066  \n",
       "GOOG  1.206816  5.706095  NaN  0.896629 -0.846947   NaN -0.088129  \n",
       "KHC   0.443165  0.884554  NaN  0.111313 -0.055900   NaN  0.009923  \n",
       "\n",
       "[10 rows x 26 columns]"
      ]
     },
     "execution_count": 6,
     "metadata": {},
     "output_type": "execute_result"
    }
   ],
   "source": [
    "covar = close_final.cov()\n",
    "covar.head(10)\n"
   ]
  },
  {
   "cell_type": "code",
   "execution_count": 7,
   "metadata": {
    "collapsed": true
   },
   "outputs": [],
   "source": [
    "market_temp = close_final.iloc[:,[20]]\n",
    "market = market_temp.dropna()\n"
   ]
  },
  {
   "cell_type": "code",
   "execution_count": 8,
   "metadata": {},
   "outputs": [
    {
     "name": "stdout",
     "output_type": "stream",
     "text": [
      "SPY   -0.031624\n",
      "dtype: float64\n",
      "SPY    1.696072\n",
      "dtype: float64\n"
     ]
    },
    {
     "data": {
      "text/html": [
       "<div>\n",
       "<style>\n",
       "    .dataframe thead tr:only-child th {\n",
       "        text-align: right;\n",
       "    }\n",
       "\n",
       "    .dataframe thead th {\n",
       "        text-align: left;\n",
       "    }\n",
       "\n",
       "    .dataframe tbody tr th {\n",
       "        vertical-align: top;\n",
       "    }\n",
       "</style>\n",
       "<table border=\"1\" class=\"dataframe\">\n",
       "  <thead>\n",
       "    <tr style=\"text-align: right;\">\n",
       "      <th></th>\n",
       "      <th>SPY</th>\n",
       "    </tr>\n",
       "  </thead>\n",
       "  <tbody>\n",
       "    <tr>\n",
       "      <th>2000-01-03</th>\n",
       "      <td>4.043312</td>\n",
       "    </tr>\n",
       "    <tr>\n",
       "      <th>2000-01-04</th>\n",
       "      <td>-0.177711</td>\n",
       "    </tr>\n",
       "    <tr>\n",
       "      <th>2000-01-05</th>\n",
       "      <td>1.599548</td>\n",
       "    </tr>\n",
       "    <tr>\n",
       "      <th>2000-01-06</th>\n",
       "      <td>-5.687286</td>\n",
       "    </tr>\n",
       "    <tr>\n",
       "      <th>2000-01-07</th>\n",
       "      <td>-0.355492</td>\n",
       "    </tr>\n",
       "    <tr>\n",
       "      <th>2000-01-10</th>\n",
       "      <td>1.244125</td>\n",
       "    </tr>\n",
       "    <tr>\n",
       "      <th>2000-01-11</th>\n",
       "      <td>1.021920</td>\n",
       "    </tr>\n",
       "    <tr>\n",
       "      <th>2000-01-12</th>\n",
       "      <td>-1.377381</td>\n",
       "    </tr>\n",
       "    <tr>\n",
       "      <th>2000-01-13</th>\n",
       "      <td>-1.399566</td>\n",
       "    </tr>\n",
       "    <tr>\n",
       "      <th>2000-01-18</th>\n",
       "      <td>-0.844230</td>\n",
       "    </tr>\n",
       "  </tbody>\n",
       "</table>\n",
       "</div>"
      ],
      "text/plain": [
       "                 SPY\n",
       "2000-01-03  4.043312\n",
       "2000-01-04 -0.177711\n",
       "2000-01-05  1.599548\n",
       "2000-01-06 -5.687286\n",
       "2000-01-07 -0.355492\n",
       "2000-01-10  1.244125\n",
       "2000-01-11  1.021920\n",
       "2000-01-12 -1.377381\n",
       "2000-01-13 -1.399566\n",
       "2000-01-18 -0.844230"
      ]
     },
     "execution_count": 8,
     "metadata": {},
     "output_type": "execute_result"
    }
   ],
   "source": [
    "#total = sum(market)\n",
    "mean_value = pd.DataFrame.mean(market)\n",
    "print(mean_value)\n",
    "variance = pd.DataFrame.var(market)\n",
    "print(variance)\n",
    "market.head(10)"
   ]
  },
  {
   "cell_type": "code",
   "execution_count": 9,
   "metadata": {},
   "outputs": [
    {
     "name": "stdout",
     "output_type": "stream",
     "text": [
      "AAPL      6.608920\n",
      "BETR      1.396304\n",
      "BUFF      2.885049\n",
      "CALM      2.303075\n",
      "CENT      1.431950\n",
      "CME       6.751351\n",
      "DTEA      1.151857\n",
      "FRPT      1.606855\n",
      "GOOG     78.410438\n",
      "KHC       9.805761\n",
      "LANC      5.773939\n",
      "LWAY      1.027115\n",
      "MSFT      4.401080\n",
      "NUTR      0.000000\n",
      "PF        3.541414\n",
      "POST      6.455729\n",
      "PPC       1.682447\n",
      "RELV      2.842821\n",
      "RIBT    113.662828\n",
      "SAFM      6.067782\n",
      "SPY      14.028377\n",
      "TOF       0.000000\n",
      "VVI       3.045391\n",
      "WILC     -1.852250\n",
      "WWAV      0.000000\n",
      "agg      -0.205133\n",
      "dtype: float64\n",
      "1.69607197374\n"
     ]
    }
   ],
   "source": [
    "covartotal = pd.DataFrame.sum(covar)\n",
    "print(covartotal)\n",
    "print(variance[[0][0]])\n"
   ]
  },
  {
   "cell_type": "code",
   "execution_count": 10,
   "metadata": {
    "collapsed": true
   },
   "outputs": [],
   "source": [
    "beta_appl = (covartotal/(variance[[0][0]] ** 2 ))\n"
   ]
  },
  {
   "cell_type": "code",
   "execution_count": 11,
   "metadata": {},
   "outputs": [
    {
     "data": {
      "text/plain": [
       "AAPL     2.297428\n",
       "BETR     0.485391\n",
       "BUFF     1.002916\n",
       "CALM     0.800607\n",
       "CENT     0.497782\n",
       "CME      2.346941\n",
       "DTEA     0.400415\n",
       "FRPT     0.558584\n",
       "GOOG    27.257456\n",
       "KHC      3.408731\n",
       "LANC     2.007168\n",
       "LWAY     0.357051\n",
       "MSFT     1.529927\n",
       "NUTR     0.000000\n",
       "PF       1.231085\n",
       "POST     2.244175\n",
       "PPC      0.584861\n",
       "RELV     0.988237\n",
       "RIBT    39.512081\n",
       "SAFM     2.109315\n",
       "SPY      4.876620\n",
       "TOF      0.000000\n",
       "VVI      1.058655\n",
       "WILC    -0.643889\n",
       "WWAV     0.000000\n",
       "agg     -0.071310\n",
       "dtype: float64"
      ]
     },
     "execution_count": 11,
     "metadata": {},
     "output_type": "execute_result"
    }
   ],
   "source": [
    "beta_appl.head(100)"
   ]
  },
  {
   "cell_type": "code",
   "execution_count": 12,
   "metadata": {},
   "outputs": [
    {
     "data": {
      "text/plain": [
       "[<matplotlib.lines.Line2D at 0x11103ba20>]"
      ]
     },
     "execution_count": 12,
     "metadata": {},
     "output_type": "execute_result"
    },
    {
     "data": {
